3.19622 0 1
5.90568 2 1
8.34661 4 1
10.68703 6 1
12.97091 8 1
15.21753 10 1
17.43732 12 1
19.63669 14 1
21.81986 16 1
23.98983 18 1
26.14877 20 1
28.29833 22 1
6.30644 0 2
9.19688 2 2
11.83672 4 2
14.35516 6 2
16.79874 8 2
19.19045 10 2
21.54359 12 2
23.86667 14 2
26.16551 16 2
28.44431 18 2
9.43950 0 3
12.40222 2 3
15.14987 4 3
17.77643 6 3
20.32302 8 3
22.81189 10 3
25.25669 12 3
27.66645 14 3
12.57713 0 4
15.57949 2 4
18.39596 4 4
21.09712 6 4
23.71808 8 4
26.27926 10 4
28.79372 12 4
15.71644 0 5
18.74396 2 5
21.60845 4 5
24.36470 6 5
27.04259 8 5
29.66046 10 5
18.85655 0 6
21.90149 2 6
24.80149 4 6
27.60028 6 6
21.99710 0 7
25.05482 2 7
27.98220 4 7
25.13792 0 8
28.20543 2 8
28.27891 0 9
4.61090 1 1
7.14353 3 1
9.52570 5 1
11.83453 7 1
14.09809 9 1
16.33031 11 1
18.53925 13 1
20.73009 15 1
22.90635 17 1
25.07056 19 1
27.22463 21 1
7.79927 1 2
10.53667 3 2
13.10736 5 2
15.58455 7 2
18.00010 9 2
20.37123 11 2
22.70847 13 2
25.01883 15 2
27.30720 17 2
29.57720 19 2
10.95807 1 3
13.79506 3 3
16.47508 5 3
19.05806 7 3
21.57368 9 3
24.03916 11 3
26.46550 13 3
28.86026 15 3
14.10863 1 4
17.00529 3 4
19.75828 5 4
22.41612 7 4
25.00520 9 4
27.54169 11 4
17.25573 1 5
20.19231 3 5
22.99787 5 5
25.71211 7 5
28.35815 9 5
20.40104 1 6
23.36628 3 6
26.21166 5 6
28.97012 7 6
23.54533 1 7
26.53214 3 7
29.40879 5 7
26.68895 1 8
29.69262 3 8
29.83213 1 9